src1000 <- c(1,3,2,4,5,6,8,11,16,23)
src1000 <- c(src1000,31,38,47)
src1000 <- c(src1000,67,69,84)
src1000 <- c(src1000,123,141,145,146)
src1000 <- c(src1000,151,152,153,154,155,160,164,168)
src1000 <- c(src1000,189,190,193,194,197,198,195,196,200,199,206,202,208,211,210,209,205)

src1000 <- c(src1000,216,220,224,219,227)
src1000 <- c(src1000,218,217,221,232,233,235,231)
src1000 <- c(src1000,245,244,246,243,254,259,256,255,261,257,260,253,268,269,270)
src1000 <- c(src1000,276,281,284,290,292,296,298,299,301,300)




src1000 <- c(src1000,303,304,307,308,334,309)
src1000 <- c(src1000,310,312,313,314,315,319,320,335,336,338,343,347,350,358,360,363,365,366,368,371,373,372,375,374,378,381,376,384,383,391,393,394,395,396,397,398,401,400,402,404)
src1000 <- c(src1000,406,409,412,411,416,414,417,422,425,426,430,438,440,441,442,444,450,448,452,453,460,471)
src1000 <- c(src1000,470,474,843,480,482,487,489,494,496,495,498,499,503)
src1000 <- c(src1000,509,506,507,505,512,504,510,508,517,516,519,515,518,521,526,529,528,538,536,539,535,537,541,545,554,553,552,561,559,560,571,576,580,578,579,583,582,581,585,584,587,588,590,592,591,597,599,604)
src1000 <- c(src1000,606,614,610,611,618,619,630,629,637,636,647,650,649,2500,656,657,658,659,660,662,663,664,667,666,665,668,669,675,679,680,682,695,694,692,691,693,698,705)
src1000 <- c(src1000,716,718,719,720,721,722,724,729,726,727,725,730,733,734,735,731,736,732,741,739,740,742,745,746,744,750,751,752,754,755,759,767,768,769,771,774,773,776,778,779,780,781,792,793,797,800,801,803)
src1000 <- c(src1000,32,804,805,806,809,813,812,819,826,827,831,832,837,840,845,846,848,851,854,852,853,855,856,859,861,862,864,865,866,868,873,872,875,879,878,877)
src1000 <- c(src1000,880,882,884,883,886,895,896,897,900,902,903,905)
src1000comm <- c(897)
src1000 <- c(src1000,909,911,910,917,923,925,926,930,929,928,931,932,934,936,942,947,948,950,951,953,958,952,957,962,956,961,975,970,981,989,980,995,993,996,994,1003,1004)
src1000 <- c(src1000,1015,1023,1024,1028,1031,1033,1039,1040,1041,1057,1045,1051,1044,1046,1056,1059,1055,1068,1078,1075,1074,1083,1095,1106,1093,1094,1100)
src1000 <- c(src1000,1112,1109,1118,1130,1134,1135,1137,1138,1139,1143,1141,1142,1144,1145,1147,1148,1150,485,1151,1157,1161,1163,1164,1167,1168,1170,1172,1175,1179,1178,1181,1187,1186,1184,1185,1188,1193,1196,1202,1200,1201)
src1000 <- c(src1000,1206,1205,1208,1210,1215,1216,1218,1220,1222,1223,1224,1225,1227,1228,1229,1230,1231,1233,1232,1234,1236,1240,1242,1241,1239,1243,1245,1246,1248,1251,1247,1254,1249,1260,1258,1259,1261,1278,1273,1272,1276,1274,1277,1271,1285,1287,1289,1291,1292,1295,1300,1301,1290,1305)
src1000 <- c(src1000,1307,1306,1309,1310,1311,1313,1315,1314,1318,1319,1321,1324,1326,1327,1329,1328,1333,1336,1338,1343,1344,1349,1350,1351,1353,1355,1356,1357,1358,1359,1360,1361,1370,1365,1376,1369,1383,1386,1400,1380,1379,1382,1389,1384,1385,1387,1398,1396,1402,1401,1397,1395)
src1000 <- c(src1000,1406,1407,1412,1423,1421,1417,1418,1420,1438,1432,1439,1434,1437,1440,1435,1452,1446,1445,1456,1457,1468,1466,1472,1478,1480,1479,1481,1485,1488,1493,1491,1490,1495,1500,1502,1504)
src1000 <- c(src1000,1513,1519,1520,1524,1526,1525,1528,1530,1531,1532,1535,1549,1550,1551,1555,1559,1557,1558,1574,1575,1576,1577,1578,1579,1582,1581,1583,1585,1586,1589,1593,1594,1596,1601,1603)
src1000 <- c(src1000,1608,1617,1618,1619,1620,1621,1622,1625,1626,1628,1629,1631,1634,1635,1641,1639,1640,1638,1644,1645,1646,1658,1659,1660,1662,1664,1663,1666,1672,1674,1678,1679,1680,1684,1683,1685,1689,1688,1691,1690,1695,1701,1702,1700,1703)
src1000 <- c(src1000,1707,1708,1709,1713,1711,1718,1721,1722,1723,1726,1731,1734,1735,1737,1738,1739,1742,1740,1745,1744,1743,1746,1747,1749,1751,1750,1755,1757,1759,1763,1765,1771,1772,1774,1775,1779,1778,1777,1776,1782,1785,1781,1783,1789,1790,1791,1792,1799,1798,1802,1800,1797)
src1000 <- c(src1000,1807,1805,1808,1815,1813,1810,1817,1818,1825,1831,1830,1833,1841,1840,1839,1846,1847,1850,1852,1851,1855,1858,1857,1861,1863,1865,1867,1870,1871,1873,1877,1882,1885,1894,1890,1892,1896,1897,1900)
src1000 <- c(src1000,1906,1917,1914,1928,1930,1931,1932,1935,1939,1940,239,1946,1947,1952,1955,1960,1959,1965,1963,1967,1964,1973,1971,1977,1980,1978,1985,1986,1993,1998,2000)

src1000 <- c(src1000,2017,2020,2027,2028,2029,2030,2031,2033,2035,2037,2043,2045,2048,2044,2052,2053,2057,2058,2062,2063,2064,2065,2066,2067,2068,2069,2070,2072,2073,2076,2079,2077,2082,2080,2081,2083,2090,2085,2087,2094,2093,2099,2097)
src1000 <- c(src1000,2110,2108,2107,2106,2105,2104,2115,2117,2118,2114,2112,2113,2130,2129,2135,2134,2137,2138,2140,2142,2143,2146,2149,2150,2153,2158,2156,2160,2168)
src1000 <- c(src1000,2167,2163,2165,2166,2162,2164,2170,2171,2177,2175,2176,2186,2188,2190,2194,2196,2205)
src1000 <- c(src1000,2207,2208,2211,2214,2218,2221,2224,2228)
src1000 <- c(src1000,2229,2233,2235,2236,2242,2241,2244,2239,2240,2247,2248,2246,2245,2255,2254,2259,2260,2261,2258,2263,2269,2272)
src1000 <- c(src1000,2276,2275,2287,2289,2291,2288,2290,2294,2293,2301)
src1000 <- c(src1000,2310,2311,2312,2313,2314,2315,2321,2319,2325)
src1000 <- c(src1000,2344,2347,2348,2350,2352,2351,2356,2354,2361,2366,2369,2367,2368,2373,2374,2381,2382,2383,2388,2389,2394,2399,2401,2403,2404,2405)
src1000 <- c(src1000,2407,2416,2417,2418,2421,2422,2425,2430,2432,2435,2439,2440,2445,2446,2444,2447,2450,2452,2453,2454,2457,2456,2459,2463)
src1000 <- c(src1000,2465,2466,2468,2469,2474,2479,2482,2490,2493,2494)
src1000 <- c(src1000,2506,2507,2511,2515)

print(kanji2_all[src1000[501:799],c(1:5,16,11:13)],n=200)
write.table(kanji2_all[src1000[201:400],c(1:5,16,11:13)],sep='\t',col.names = FALSE,quote = FALSE)